Monthly England & Wales precipitation (mm). Daily automated values used after 1996.
Wigley & Jones (J.Climatol.,1987), Gregory et al. (Int.J.Clim.,1991)
Jones & Conway (Int.J.Climatol.,1997), Alexander & Jones (ASL,2001). Values may change after QC.
YEAR   JAN   FEB   MAR   APR   MAY   JUN   JUL   AUG   SEP   OCT   NOV   DEC   ANN
 1766   4.4  66.7  48.2  60.9 108.1 109.2 101.7  38.1  53.8  71.9  75.4  67.1  805.5
 1767  92.7 115.3  68.9  38.9  84.2  47.7 148.0  75.4  63.7 103.2  73.6  29.6  941.2
 1768 109.2 129.1  12.8  85.6  46.1 148.7 121.9  91.6 136.8 119.4 142.5 103.6 1247.3
 1769  74.7  81.1  40.4  46.0  73.5 122.8  56.9  98.8 133.5  51.3  90.8  81.1  950.9
 1770  52.7  56.6  77.8  75.5  63.8 118.1  63.0  52.6  85.8 115.8 200.8 116.9 1079.4
 1771  68.8  32.7  46.4  31.3  51.6  43.0  50.7 113.6  64.4 137.8  49.5 103.1  792.9
 1772  79.1  95.2  88.6  58.5  53.1  77.8  61.7  75.0 141.6 101.7 157.3  42.2 1031.8
 1773  68.8  72.4  19.9  54.4 151.8  65.5  37.3  83.6 141.6 112.3 125.0 101.2 1033.8
 1774 105.4 102.6  85.6  53.8  75.4  72.3  94.1  91.0 161.0  40.9  48.4  64.2  994.7
 1775  76.9  99.2  64.4  30.0  21.7  46.3 158.4 142.6 130.4 114.9  89.3  37.9 1012.0
 1776  51.6 113.5  50.5  22.4  46.4  74.9  82.9 136.1  99.7  49.6  76.2  43.6  847.4
 1777  39.8  44.0  58.2  70.1  91.2 103.9 116.6  70.2  28.7 144.7  55.8  37.1  860.3
 1778  77.5  30.8  45.9  23.0  69.4  74.9 129.4  20.2  61.1 126.0 122.0 107.7  887.9
 1779  15.3  13.5  15.6  67.2  81.0  76.6 149.3  53.5 100.2 106.4  77.5 144.4  900.5
 1780  32.0  36.6  53.8  98.2  50.6  48.3  51.4  24.3 119.7 110.5  62.5  11.1  699.0
 1781  61.0  85.3   5.6  55.6  39.8  71.2  50.3  75.9  86.7   8.8 121.3  72.7  734.2
 1782  99.1  26.8  81.6 139.0 142.4  55.3 131.7 150.8 128.1  71.2  44.4  38.9 1109.3
 1783  95.3  97.0  55.4  15.2  83.9  91.6  57.6  76.7 125.4  50.2  61.5  23.8  833.6
 1784  64.1  44.3  67.9  81.5  59.8 120.1  98.6  74.8  41.3  15.7  90.2  52.7  811.0
 1785  50.3  34.9  18.8  10.1  25.9  45.4  62.0 119.5 105.1  99.3  67.3  80.8  719.4
 1786 118.6  32.0  36.7  34.7  72.8  60.7  36.1  87.1 109.0 108.9  95.2  97.0  888.8
 1787  20.0  65.1  93.7  36.0  49.9  50.0 155.0  62.5  61.6 133.1  81.6 109.1  917.6
 1788  45.9  71.2  39.4  29.8  43.7  59.4  81.6  88.3  84.9  33.8  25.1   8.9  612.0
 1789 105.6  92.4  55.9  51.0  93.1 128.0 128.0  39.6  97.5 130.7  80.2 107.3 1109.3
 1790  72.8  20.9  16.8  54.4  93.6  60.9  94.5  77.9  60.0  56.9 121.9 125.5  856.1
 1791 123.4  70.7  30.7  68.3  37.8  36.1 100.4  79.9  38.6 104.9 150.0  87.3  928.1
 1792  75.5  44.1  85.2  97.7  86.7  84.3 114.1 116.4 151.5  98.6  47.5 115.2 1116.8
 1793  66.6  58.7  74.4  62.5  29.2  38.3  35.1  99.7  97.9  52.9  84.1  77.3  776.7
 1794  34.0  66.0  59.8  70.5  52.1  18.7  69.9  80.7 120.1 128.3 129.4  65.1  894.6
 1795  27.2  75.4  80.2  68.1  15.7 101.8  53.5  82.0  12.9 173.2 106.6  81.3  877.9
 1796 116.2  71.1  17.5  27.2 110.4  57.0 135.2  40.0  62.1  83.9  68.8  73.1  862.5
 1797  69.8  15.3  40.7  68.7 109.5 134.9  79.4 114.8 185.4  68.4  84.7 118.8 1090.4
 1798  72.4  44.6  32.8  56.3  47.6  31.0 149.5  78.8  95.7 116.0  94.7  49.5  868.9
 1799  64.8  94.8  40.5  80.8  58.1  23.7 108.3 192.1 186.8 111.8  98.3  19.0 1079.0
 1800 117.6  20.4  50.7 103.2  75.5  26.7   9.1  55.7 112.2  93.8 145.8  91.0  901.7
 1801  74.1  82.8  84.7  21.6  87.4  30.0 121.9  40.7 114.0  87.4 106.6  96.9  948.1
 1802  37.0  84.8  18.7  33.7  49.3  76.6 126.3  48.7  35.1 108.0  60.3  78.4  756.9
 1803  62.2  55.0  29.9  47.5  59.9  92.2  30.3  44.2  41.6  29.3 113.0 145.8  750.9
 1804 128.8  38.4  83.4  69.9  63.0  28.9  99.9  81.0  11.9 115.7 115.8  46.6  883.3
 1805  79.1  58.5  37.3  67.7  55.8  67.5  71.1  83.6  64.4  51.1  23.1  75.6  734.8
 1806 128.6  54.7  52.0  26.8  44.2  36.4 106.6  86.8  58.8  41.9 117.9 137.5  892.2
 1807  41.5  48.2  20.4  22.9 113.9  45.7  67.6  57.6  87.7  68.2 115.5  56.5  745.7
 1808  36.1  34.8  12.4  93.4  69.4  53.0 100.0  76.0  90.4 115.0  76.2  52.0  808.7
 1809 134.3  88.2  29.3  91.9  57.9  58.5  78.3 130.6 114.1  10.9  55.0  92.3  941.3
 1810  27.8  53.1  77.5  58.6  68.3  41.9 117.4  94.6  45.5  79.6 174.4 134.4  973.1
 1811  54.7  84.3  53.3  57.8 121.9  66.0  94.4  66.1  74.7 111.7  94.3  70.4  949.6
 1812  48.8 115.3 110.7  43.0  87.6  95.4  75.4  54.6  45.8 136.3  85.6  24.4  922.9
 1813  37.4 103.7  29.4  53.6 110.1  53.5  87.0  34.7  64.7 157.3  66.7  30.1  828.2
 1814  62.9  21.8  43.8  88.7  42.8  70.8  83.0  73.6  41.9  98.9  78.0 122.3  828.5
 1815  27.9  44.0  89.8  45.2  76.1  71.5  50.0  82.0  77.4  93.9  51.0  90.5  799.3
 1816  81.4  44.3  56.1  75.8  74.3  77.9 152.0  81.7  79.0 106.3  75.7 102.6 1007.1
 1817  76.0  59.4  52.5   7.9 101.4  92.1 119.7 133.9  26.6  34.0  71.3 107.7  882.5
 1818  98.0  65.8 134.7 135.6  55.9  31.2  50.4  21.0 115.6  75.8 112.0  46.8  942.8
 1819 101.1  95.1  36.8  64.6  84.8  76.9  68.2  44.9  81.6  82.6  71.9  93.9  902.4
 1820  66.7  47.8  24.1  47.6  98.4  57.6  67.7  78.4  67.4  97.9  52.7  69.5  775.8
 1821  68.9  10.3 102.4  83.0  62.4  40.9  77.4  81.5 108.8  96.1 140.6 166.0 1038.3
 1822  32.2  63.1  69.2  72.1  51.1  32.5 145.2  58.5  40.5 142.9 145.4  52.0  904.7
 1823  85.7 114.0  45.6  56.6  63.3  51.0 106.9 103.4  66.3 120.4  58.5 119.1  990.8
 1824  30.6  65.3  76.9  63.1  55.7  96.3  47.0  74.5 111.8 140.7 135.4 129.7 1027.0
 1825  47.0  42.3  47.5  66.2  83.3  58.1   8.2  94.0  81.9  99.6 111.7  99.9  839.7
 1826  34.9 104.9  53.1  35.6  35.0  12.4  49.4  60.0 135.6  68.8  62.6  77.7  730.0
 1827  61.1  33.1 108.9  39.9  77.2  44.3  52.2  76.0 100.4 142.0  67.9 132.1  935.1
 1828 122.7  60.0  34.3 102.8  72.4  74.5 182.6  98.8  93.5  66.4  64.3 100.9 1073.2
 1829  34.9  44.0  25.7 123.4  16.6 103.3 143.7 149.3 126.7  65.2  52.8  27.1  912.7
 1830  46.1  60.0  27.1  95.4 100.1 128.9  94.0  98.2 135.0  31.7 116.4  73.2 1006.1
 1831  62.1  89.4  78.7  58.2  52.0  60.1  97.5  70.9  98.4 136.2  88.8 112.7 1005.0
 1832  38.0  28.8  66.1  53.9  67.8  89.6  49.3 131.3  26.6 109.4 114.9  88.8  864.5
 1833  27.9 158.6  52.6  76.9  21.9 107.9  47.8  59.1  62.0  87.3  82.4 129.2  913.6
 1834 149.8  51.6  43.3  33.4  34.4  71.7 164.2  80.3  67.9  41.6  60.8  36.2  835.2
 1835  56.0  92.7  83.4  37.4  77.8  61.0  43.7  52.6 126.5 137.9 103.8  27.6  900.4
 1836  75.1  61.9 119.5  74.0  16.0  86.0  93.2  45.4  96.2 111.8 154.0  81.7 1014.8
 1837  90.6  89.3  30.4  50.4  36.7  52.3  70.9  92.9  72.9  85.7  77.9  78.3  828.3
 1838  31.7  71.2  57.2  49.6  62.6 112.9  68.1  80.8  76.1  90.0 131.7  62.4  894.3
 1839  58.7  62.7  75.7  38.8  27.2 114.9 152.9  83.4 129.8  96.3 132.3 103.5 1076.2
 1840 101.7  65.0   9.8  24.2  79.8  54.4  88.9  69.3  89.7  53.6 139.7  25.1  801.2
 1841  76.9  54.1  62.9  49.1  75.3  74.2  91.3 103.9 133.4 134.7 116.5  92.1 1064.4
 1842  67.8  48.0  83.0  14.3  58.1  59.5  74.0  64.1  93.2  46.1 160.9  50.9  819.9
 1843  76.5  76.9  35.8  93.4 129.1  82.7  72.2 101.4  24.3 150.4  93.8  18.2  954.7
 1844  63.8  84.6  77.5  16.6   7.9  40.4  70.4  78.0  64.9  97.6  95.4  20.8  717.9
 1845  70.3  37.8  43.4  46.7  67.0  78.8  80.9 111.9  80.7  71.3  81.7 103.5  874.0
 1846 101.6  37.1  63.4 112.0  51.3  50.6  99.7 105.9  53.8 148.8  59.4  43.8  927.4
 1847  62.2  51.4  46.1  49.8 104.1  66.6  34.3  51.2  62.6 117.9  74.3 127.9  848.4
 1848  48.8 130.0 102.2  84.1  25.7 141.5  85.1 117.7 107.6 133.9  57.4  96.1 1130.1
 1849  81.6  46.8  28.4  83.3  80.2  41.8  80.3  56.8 108.5  95.6  63.1 100.4  866.8
 1850  60.4  56.7  19.8  89.1  67.6  42.0 108.2  66.2  72.3  63.5  93.0  62.2  801.0
 1851 116.5  32.0 106.9  48.5  35.8  75.0  94.8  66.8  31.4  89.0  47.2  36.6  780.5
 1852 136.6  58.6  17.1  20.1  62.2 134.1  68.0 134.9 131.0 122.3 202.5 125.6 1213.0
 1853  94.8  47.0  44.8  67.1  47.4  99.5 110.0  79.8  67.9 121.7  57.8  36.1  873.9
 1854  82.5  32.5  20.7  14.1  82.1  61.1  67.7  56.3  34.8  81.2  68.6  71.3  672.9
 1855  16.3  44.6  57.2  19.9  62.2  78.9 129.8  60.0  37.1 157.2  38.4  42.9  744.5
 1856  92.0  58.7  29.1  82.3  96.1  59.6  53.8 110.7 104.1  74.7  46.1  93.9  901.1
 1857  89.5  33.4  71.1  77.8  47.7  70.5  69.3 102.2  94.0 101.8  56.7  31.0  845.0
 1858  32.0  29.2  42.3  81.6  64.4  45.6  79.0  65.0  78.0  91.7  47.4  83.0  739.2
 1859  55.4  55.0  76.6  91.9  32.6  64.2  66.5  97.3 114.9 101.0  94.6  89.2  939.2
 1860 112.3  41.5  82.0  40.1  93.0 157.1  65.2 148.5  79.0  83.9  84.5  96.1 1083.2
 1861  32.5  81.2  91.2  29.5  32.5  80.8 124.5  48.3  84.9  48.2 139.7  55.0  848.3
 1862  78.0  21.4 114.8  66.3  94.6  78.6  72.1  72.2  83.1 134.7  42.4  70.4  928.6
 1863 110.3  31.4  36.8  38.3  44.7 109.4  29.3  91.0 110.6 112.5  85.0  62.5  861.8
 1864  49.1  52.4  84.2  38.0  54.3  52.2  26.9  39.0  88.5  67.8  93.2  57.7  703.3
 1865  98.9  71.9  40.5  28.0  83.2  46.6  84.4 126.0   9.5 168.4  90.3  55.4  903.1
 1866 117.6 107.4  64.6  47.7  38.2  87.5  74.3  99.1 167.4  62.1  90.0  92.6 1048.5
 1867 106.8  70.3  78.1  92.9  74.9  40.3 105.7  62.9  64.6  95.7  30.6  68.3  891.1
 1868  99.9  62.2  71.1  61.4  36.7  16.5  20.0 106.7  90.2  95.6  61.4 185.6  907.3
 1869 101.8  93.2  53.7  50.9 121.5  34.2  21.6  43.1 144.5  63.9  90.2 124.7  943.3
 1870  65.9  62.1  55.8  21.5  40.0  31.4  39.4  60.3  49.8 159.3  66.8  80.8  733.1
 1871  61.3  60.5  38.9 100.4  27.5  84.9 116.1  49.7 140.8  90.0  40.4  58.3  868.8
 1872 140.2  88.2  84.9  69.1  66.2 100.0 122.9  80.8 104.1 149.5 140.7 138.3 1284.9
 1873 109.1  51.3  75.8  23.1  61.6  62.3  84.4  98.8  72.0  97.7  71.7  26.6  834.4
 1874  78.8  61.6  43.2  47.9  36.3  42.0  46.5  91.2 104.5 110.4  93.1  96.6  852.1
 1875 122.8  46.5  27.2  39.1  52.0  92.8 142.7  67.5  96.2 157.3 145.6  47.5 1037.2
 1876  47.1  97.7  99.4  84.7  23.6  55.6  47.2  83.5 141.5  74.4 108.4 193.9 1057.0
 1877 146.8  77.6  76.3  93.6  79.5  46.3 108.5 136.1  74.3  86.0 141.5  77.6 1144.1
 1878  68.4  50.6  38.7  69.2 117.6  76.4  39.3 155.2  72.6 104.4 118.0  73.1  983.5
 1879  71.5 105.4  36.9  72.4  81.4 139.3 121.4 148.5  89.7  41.0  37.3  38.1  982.9
 1880  16.2  84.1  52.1  56.4  38.6  81.3 157.5  40.1 119.8 161.4  97.9 122.8 1028.2
 1881  35.5 109.9  81.9  34.2  53.1  68.9  75.3 143.7  73.0  82.0 105.9 103.3  966.7
 1882  68.9  62.5  52.4 114.0  50.3 104.7 113.1  85.0  75.8 162.6 131.4 125.5 1146.2
 1883  98.5 107.7  37.7  45.4  49.3  85.2  96.7  46.4 140.8  97.0 117.7  52.0  974.4
 1884 108.7  70.7  66.4  47.2  39.1  41.3  97.5  47.7  66.4  51.8  51.2 103.5  791.5
 1885  68.3  93.1  49.5  63.2  80.1  62.5  24.5  61.2 127.1 147.6  98.5  42.0  917.6
 1886 120.2  29.5  77.6  59.0 123.1  31.9 105.3  52.2  72.1 135.6  99.4 145.2 1051.1
 1887  71.8  24.1  49.8  36.6  54.0  20.8  38.1  53.4  94.2  71.4  86.1  69.0  669.3
 1888  39.0  38.9  97.2  49.8  35.7  73.9 156.6  86.3  34.2  43.5 150.1  73.1  878.3
 1889  38.2  60.2  78.0  80.3  94.8  23.2  87.8  98.3  58.8 127.9  43.5  58.2  849.2
 1890 106.3  29.0  61.0  44.5  68.1  79.8  87.1  97.5  45.3  56.2 117.2  34.4  826.4
 1891  67.2   3.6  59.0  45.0  83.2  53.9  84.6 149.3  65.6 162.3  90.7 132.2  996.6
 1892  53.5  58.1  29.5  38.0  60.9  80.5  67.4 100.5  87.5 131.6  69.2  52.5  829.2
 1893  57.8 103.5  15.8   9.9  45.8  38.9 104.4  61.4  58.2  98.6  74.0  87.9  756.2
 1894  89.0  85.8  56.1  55.0  65.8  72.8 102.4  88.7  50.1 120.8 114.2  79.4  980.1
 1895 100.9  11.1  73.9  55.2  17.7  38.1 116.9  92.4  23.3 113.3 122.2  90.8  855.8
 1896  36.0  24.4  99.6  30.4  12.0  69.5  52.5  62.6 160.7 113.0  40.7 137.3  838.7
 1897  61.7  90.8 108.8  69.3  39.8  77.7  36.5 117.5  93.9  38.2  69.2 112.4  915.8
 1898  40.6  51.8  40.1  57.9  88.9  55.9  25.2  85.1  27.8 117.5  87.5  92.1  770.4
 1899 119.3  75.5  35.6  79.8  70.1  43.2  49.8  39.9  92.9  81.6  79.2  73.2  840.1
 1900 118.0 131.7  30.7  43.7  46.6  85.2  48.1 112.0  31.8 104.6  99.2 123.6  975.2
 1901  56.3  41.7  70.4  73.8  35.0  57.2  71.9  68.0  56.0  72.3  66.5 136.1  805.2
 1902  44.9  44.4  54.2  45.8  72.5  71.5  57.1  93.7  48.5  78.2  75.2  71.6  757.6
 1903  96.7  38.8 109.5  58.5  83.7  82.9 103.9 122.7 102.9 218.1  70.1  72.5 1160.3
 1904  99.0 112.1  50.7  46.1  74.4  32.8  74.9  82.4  58.1  44.4  62.7  77.6  815.2
 1905  38.8  36.3 102.4  72.4  22.5  81.5  37.4 105.4  57.0  67.1 111.9  31.8  764.5
 1906 135.7  78.7  57.6  29.4  84.0  66.2  34.0  70.1  33.7 146.9 109.8  80.1  926.2
 1907  38.5  46.8  43.2  81.3  91.4  91.0  67.3  73.9  22.6 152.6  78.0 112.5  899.1
 1908  55.7  54.6  91.9  76.2  60.1  36.1  85.4  94.8  69.0  56.2  48.6  78.2  806.8
 1909  46.3  26.8 106.5  64.3  45.8  84.6  91.7  79.0  77.6 141.6  33.0 135.4  932.6
 1910  90.6 103.4  27.2  68.9  63.9  70.0  83.7 106.4  16.4 100.0 128.0 138.5  997.0
 1911  39.5  62.0  57.9  46.8  37.2  79.1  15.8  54.9  64.2  95.9 116.2 169.6  839.1
 1912 107.2  60.9 118.4   9.0  56.6 122.4  94.4 192.9  50.0  98.7  76.3 111.8 1098.6
 1913 124.4  34.0 106.8  98.2  68.6  39.9  32.6  41.9  65.6 105.5  96.7  54.2  868.4
 1914  48.6  82.1 119.7  37.0  47.9  61.8  94.2  61.5  48.5  68.9 109.5 190.8  970.5
 1915 108.7 123.5  35.4  35.7  69.8  35.0 126.0  76.7  47.0  72.7  75.0 184.9  990.4
 1916  56.6 132.0 107.1  47.4  71.7  70.4  55.4  88.8  51.9 138.9 111.9  95.9 1028.0
 1917  58.4  31.9  68.4  54.3  60.7  65.8  65.1 172.0  55.5 129.6  60.3  41.1  863.1
 1918  91.2  61.6  36.7  63.3  58.5  30.9 110.0  62.9 189.5  69.1  66.3 122.5  962.5
 1919 122.4  79.0 120.0  66.3  25.4  36.5  57.9  79.0  52.4  62.3  77.8 146.7  925.7
 1920 108.3  43.0  82.0 116.5  74.6  66.9 132.4  50.6  71.1  70.9  44.9  92.1  953.3
 1921 107.2  10.2  58.5  33.3  46.5  10.3  29.3  93.5  40.9  52.2  70.9  76.2  629.0
 1922 109.4  89.7  68.0  82.3  34.0  40.4 126.3 100.3  79.4  33.4  48.7 116.4  928.3
 1923  63.5 152.7  52.8  70.6  69.8  19.4  79.4  92.7  82.5 137.4  92.3 100.0 1013.1
 1924  94.1  27.6  37.6  72.9 122.4  67.2 118.4  98.5 114.6 132.7  72.8 123.9 1082.7
 1925  82.3 124.2  32.8  74.2  96.5   4.3  81.3  91.0  98.6 106.7  76.6  98.8  967.3
 1926 114.1  80.3  24.5  65.2  69.3  81.1  76.2  66.0  58.1  87.6 157.9  24.5  904.8
 1927  94.7  80.5  89.0  59.2  37.8 101.3  96.0 139.5 154.0  70.8 101.9  83.5 1108.2
 1928 160.3  76.3  78.6  39.2  40.0  97.0  60.3  95.2  29.8 144.4 112.1  90.0 1023.2
 1929  49.1  31.5   8.0  34.9  62.6  46.7  66.4  71.8  23.6 124.3 195.9 179.0  893.8
 1930 125.1  26.1  65.3  71.0  62.0  33.1 109.1 104.4 110.8  92.4 128.1  97.5 1024.9
 1931  79.6  79.1  26.0  93.8  93.5  93.2 108.4 116.8  77.9  32.1 135.6  45.8  981.8
 1932  90.0   8.9  59.7  83.0 129.6  35.6  99.9  48.8  93.9 162.3  61.0  49.9  922.5
 1933  66.9  95.8  75.0  36.8  55.8  56.6  63.7  33.3  60.6  98.4  46.3  28.5  717.7
 1934  78.3  11.9  72.2  75.1  39.6  48.3  45.7  79.1  70.2  82.4  63.4 183.5  849.8
 1935  42.3 102.5  25.4 101.6  37.2  96.2  27.2  65.1 137.2 135.3 151.6  93.6 1015.2
 1936 124.4  72.0  58.2  54.5  30.8  99.5 138.0  28.4  90.8  60.8 107.3  90.9  955.6
 1937 129.0 142.1  89.5  81.3  77.5  42.1  63.8  42.8  62.7  81.2  51.1  98.5  961.7
 1938 114.5  33.0  16.5   7.1  71.8  54.9  80.9  89.9  60.2 134.4 120.5 108.6  892.4
 1939 156.2  54.1  57.2  68.7  32.7  63.0 118.6  78.3  31.6 124.6 162.1  60.5 1007.7
 1940  73.6  75.5  79.8  61.3  41.4  20.9 112.5  15.0  48.6 108.7 196.5  73.1  907.0
 1941  90.4 100.9  90.9  42.0  63.6  36.2  74.8 126.7  20.4  79.2  84.4  57.2  866.7
 1942 106.8  28.8  65.9  43.1 105.7  21.0  75.7  86.3  66.4 100.4  42.0  98.3  840.3
 1943 147.1  46.8  26.1  37.5  84.4  59.0  56.0  83.7  85.7  85.2  68.5  52.2  832.3
 1944  82.4  39.4  11.5  58.8  41.2  61.7  70.2  81.1 104.3 118.0 155.2  70.3  894.2
 1945  82.3  80.3  32.5  43.5  83.2  83.1  81.4  70.8  64.6 106.2  17.0 102.3  847.2
 1946  85.8  89.1  37.7  45.5  78.8  85.9  73.7 138.1 125.1  40.2 158.0  94.3 1052.2
 1947  82.5  58.3 177.5  77.5  58.8  66.6  65.4  14.4  46.7  22.2  81.3  81.7  832.7
 1948 176.8  49.9  34.9  53.8  72.7  91.2  45.3 122.8  72.6  77.2  55.8 110.2  963.1
 1949  42.3  40.6  42.9  63.5  68.1  18.1  50.7  53.1  47.1 162.0 111.4  89.8  789.5
 1950  38.9 143.6  39.3  72.3  56.8  45.7 105.6 121.3 126.7  41.1 152.3  71.5 1015.2
 1951  98.9 114.1 116.2  73.0  80.3  36.9  52.6 131.2  81.4  33.2 180.4  96.4 1094.6
 1952  86.9  25.8  77.1  60.8  66.1  55.1  34.7 104.1  95.3 107.3 100.5  88.0  901.7
 1953  31.8  50.5  30.1  72.8  62.0  66.3  98.9  84.6  83.2  71.4  68.8  34.5  755.0
 1954  63.0  81.6  76.5  16.1  80.4  94.2  88.8 123.7  96.6 117.6 163.9  90.2 1092.7
 1955  84.8  64.1  53.9  32.1 104.1  84.7  26.1  27.0  52.2  75.7  58.7 110.0  773.3
 1956 123.1  25.6  31.7  42.9  21.9  71.2 101.3 158.6  92.5  56.5  33.3 106.9  865.4
 1957  74.5 100.7  72.1   9.7  44.8  51.8 104.0 109.2 121.6  73.6  65.1  76.8  904.0
 1958  99.9 116.0  49.9  30.8  85.2 110.9  95.7 102.9 120.7  82.3  58.5 104.6 1057.5
 1959 104.5   8.7  70.3  78.9  27.6  46.7  69.7  38.0   8.0  90.7 119.8 164.9  827.8
 1960 125.3  84.1  52.4  46.6  47.8  51.9 119.7 111.4 117.8 171.0 149.8 117.2 1195.0
 1961 118.9  73.8  15.7  98.8  39.0  39.5  67.6  85.2  80.1 117.9  62.6 106.1  905.2
 1962 114.0  37.1  46.5  72.9  64.3  17.8  59.2 109.0 106.9  38.0  69.7  78.4  813.8
 1963  31.9  34.9 101.6  80.0  49.5  84.9  54.9 111.4  71.6  61.4 165.9  30.1  878.0
 1964  26.4  32.4  98.0  68.7  59.5  77.9  49.7  54.5  34.2  62.1  62.3  99.8  725.4
 1965 104.8  16.4  75.4  61.7  67.5  74.1  97.4  75.2 138.3  33.9 114.2 173.1 1032.1
 1966  60.3 129.6  34.7 111.5  69.4  87.9  73.7 112.2  55.7 129.5  78.9 117.6 1061.1
 1967  62.1  92.2  55.9  47.6 140.7  41.3  66.7  77.3 102.5 171.9  73.2  78.5 1010.0
 1968  85.8  47.6  59.5  68.8  78.7  94.0 107.8  72.2 148.1  99.0  69.6  84.2 1015.4
 1969 101.5  68.9  79.5  57.0 115.8  51.3  70.3  76.5  41.3  17.5 138.3  87.1  905.0
 1970 109.9  90.6  64.2  88.7  24.2  40.7  73.8  80.0  67.7  61.9 178.6  53.9  934.4
 1971 112.5  35.0  69.1  55.0  51.5 110.7  44.4 111.6  26.3  77.2  93.6  37.6  824.4
 1972 100.8  75.6  75.4  69.5  75.0  71.8  53.0  35.5  41.5  33.7 108.1 113.5  853.4
 1973  46.1  45.8  23.0  67.6  86.1  61.5  93.5  63.8  75.5  57.5  50.9  68.6  739.8
 1974 120.6 105.8  46.6  14.3  40.7  70.4  72.5  99.8 152.6  92.2 133.1  79.7 1028.2
 1975 124.2  32.5  81.9  67.9  50.5  22.1  62.5  51.6 106.5  37.9  73.1  48.0  758.6
 1976  57.8  39.9  48.0  19.0  62.1  18.7  30.1  25.2 150.8 154.3  91.7  94.0  791.5
 1977 102.8 143.2  75.6  52.6  51.0  84.5  23.7 107.3  40.6  70.5 110.1  97.4  959.3
 1978 113.1  86.2  84.7  54.4  47.5  62.1  83.9  63.5  55.2  17.2  56.2 172.8  896.8
 1979  89.6  72.8 127.0  69.9 119.1  38.8  34.1  91.0  39.8  88.3  93.7 159.1 1023.3
 1980  75.4  92.0 102.2  17.5  32.6 123.3  75.8  88.9  61.9 131.2  91.0  75.1  967.0
 1981  57.8  52.0 160.4  59.4  90.0  44.5  53.3  43.6 139.9 130.3  67.2  93.5  991.9
 1982  76.2  45.9 104.0  25.4  45.8 129.1  33.9  87.9  81.3 121.7 128.4 109.9  989.5
 1983 102.4  40.4  64.1 110.7 115.2  38.3  39.2  33.3 100.8  79.9  53.2 108.1  885.5
 1984 149.3  60.1  64.8  10.8  64.8  42.8  28.6  56.6 121.3  99.9 151.6  79.0  929.7
 1985  75.3  31.6  66.4  67.7  68.5 101.7  77.2 114.1  45.9  46.7  72.9 124.9  892.9
 1986 127.6  19.9  83.4  86.8  87.7  45.0  55.1 118.3  28.6  97.7 120.8 142.4 1013.2
 1987  33.9  59.7  93.0  69.2  49.0 109.1  73.2  68.7  66.4 180.2  82.4  59.8  944.5
 1988 169.0  64.6 107.3  44.6  65.8  40.2 139.0  89.0  72.0  94.2  50.2  45.7  981.5
 1989  49.3  90.5  96.1  88.3  20.7  57.6  38.6  59.4  41.6 103.0  62.7 149.3  857.3
 1990 128.4 143.2  22.5  39.7  23.2  73.8  35.6  47.9  53.6 108.6  68.8  96.3  841.7
 1991  97.4  64.3  74.2  70.9  13.7 103.0  70.7  27.8  64.9  72.1  93.4  49.3  801.7
 1992  48.7  44.8  82.2  75.9  51.5  38.0  89.7 134.6  96.9  90.5 148.5  78.6  979.7
 1993 115.3  13.8  26.6  94.8  89.2  68.7  88.7  54.4 119.6  94.4  76.0 172.1 1013.5
 1994 131.0  85.2  94.0  76.3  71.1  36.1  45.0  75.7 106.1 103.5  87.9 138.1 1050.0
 1995 162.6 114.9  70.6  28.1  48.5  20.2  37.6   9.1 123.3  52.0  82.8  91.1  841.0
 1996  65.9  83.3  43.2  51.0  58.3  29.6  43.6  79.9  34.0  87.8 134.3  55.5  766.4
 1997  16.5 101.6  26.6  23.7  71.2 132.2  53.5  98.9  30.8  74.7 123.4 100.8  854.0
 1998 120.4  20.4  89.2 130.9  33.9 121.4  54.4  48.7 104.4 152.1  89.3  97.4 1062.6
 1999 128.6  50.0  70.6  75.8  56.2  90.9  26.3 116.6 124.9  86.5  67.3 142.4 1036.1
 2000  46.4  95.1  32.7 142.6  98.0  43.0  63.8  65.9 132.6 188.0 182.1 142.2 1232.5
 2001  84.4 105.3 107.5 100.0  42.1  44.4  73.2  86.3  82.9 135.4  65.0  43.5  970.0
 2002  86.9 115.1  53.0  47.5  81.1  56.6  93.2  75.8  40.8 144.2 176.2 147.5 1117.8
 2003  91.2  38.8  36.8  43.0  70.9  75.6  64.7  21.3  34.7  67.7 116.6 100.3  761.4
 2004 122.7  50.2  50.2  91.2  47.5  59.3  74.6 156.5  49.8 154.9  52.8  63.8  973.6
 2005  54.2  46.2  55.9  77.7  45.1  55.4  74.3  62.5  68.2 127.4  86.1  72.1  825.1
 2006  31.9  57.7  87.8  45.7 111.8  23.9  39.1  89.2  77.6 115.7 108.6 115.7  904.8
 2007 100.5 111.6  63.5  10.4 118.4 144.9 137.9  60.7  48.9  49.4  80.9  95.5 1022.7
 2008 144.9  40.2 103.3  77.5  75.5  64.4 105.8 116.5 103.6 101.2  94.0  62.6 1089.6
 2009  96.4  60.9  44.5  48.0  55.2  57.8 140.7  60.5  34.0  77.9 192.1 109.1  977.1
 2010  75.3  87.2  71.0  30.1  38.3  42.7  67.9 107.2  86.9  84.2  97.5  34.1  822.4
 2011  94.8  81.2  22.3  11.6  46.5  82.0  65.2  91.4  57.0  68.4  52.9 113.6  786.9
 2012  67.6  32.1  30.9 149.9  57.4 160.1 120.7  94.2  92.8 127.7 135.8 175.2 1244.4
 2013  93.0  48.3  76.4  34.7  73.9  37.6  54.0  66.1  61.8 157.6  79.2 134.2  916.8
 2014 184.6 136.7  55.5  63.8 102.8  49.8  54.7 118.9  16.4 118.3 126.8  77.3 1105.6
 2015 101.0  59.3  51.4  28.1  86.6  38.8  92.1 109.1  62.7  68.4 126.7 145.9  970.1
 2016 149.5  80.0  95.1  73.3  61.7 114.0  43.6  67.5  72.0  46.0 116.6  41.3  960.6
 2017  79.6  72.0  80.6  19.9  65.0  93.8 105.7  83.8 106.2  51.5  81.0 113.4  952.5
 2018 104.5  52.8 115.1  91.4  51.9  16.5  39.6  76.7  67.0  75.8 104.9 116.0  912.2
 2019  47.1  54.2  94.7  45.9  46.0 116.3  71.7  86.8 124.0 148.8 138.1 121.4 1095.0
 2020  82.5 169.5  57.9  37.2  10.3  98.3  69.0 125.2  56.1 164.1  67.9 159.2 1097.2
 2021 146.0  78.9  51.1  13.5 122.7  59.5  90.5  54.3  67.7 145.3  42.3 106.3  978.1
 2022  36.3 -99.9 -99.9 -99.9 -99.9 -99.9 -99.9 -99.9 -99.9 -99.9 -99.9 -99.9   36.3
